<!doctype html><html lang="ko"><head><meta charset="utf-8"><meta name="viewport" content="width=device-width,initial-scale=1"><title>강동자바라 SUS 스텐 방범창 견적센터</title><style>
*{box-sizing:border-box}html{scroll-behavior:smooth}body{margin:0;background:#f3f7fc;color:#101827;font-family:Arial,"Malgun Gothic",sans-serif}a{color:inherit}header{height:74px;background:#fff;border-bottom:1px solid #e6ecf4;display:flex;align-items:center;justify-content:space-between;padding:0 max(18px,calc((100vw - 1120px)/2));position:sticky;top:0;z-index:10}.brand{display:flex;align-items:center;gap:12px}.mark{font-size:44px;color:#0a66c2;font-style:italic}.brand strong,.brand small{display:block}.brand strong{font-size:24px}.brand small{color:#667085}nav{display:flex;gap:8px}nav a{padding:11px 15px;border-radius:999px;background:#eef4fb;color:#0a66c2;text-decoration:none;font-weight:900}nav .talk{background:#111827;color:#fff}main{width:min(1120px,100%);margin:auto;padding:18px 18px 34px}.hero{display:grid;grid-template-columns:1.05fr .95fr;background:#fff;border-radius:26px;overflow:hidden;box-shadow:0 18px 55px rgba(18,38,63,.09);min-height:390px}.hero-copy{padding:48px 44px;display:flex;flex-direction:column;justify-content:center}.eyebrow{margin:0 0 10px;color:#0a66c2;font-weight:900;letter-spacing:1.5px;font-size:13px}h1{margin:0;font-size:clamp(40px,5vw,64px);line-height:1.08;letter-spacing:-2.5px}h1 em{display:block;color:#0a66c2;font-style:normal}.lead{margin:18px 0 0;color:#536071;line-height:1.7;font-size:17px}.hero-actions{display:flex;gap:10px;margin-top:24px}.hero-actions a{height:50px;padding:0 18px;border-radius:12px;display:inline-flex;align-items:center;justify-content:center;text-decoration:none;font-weight:900}.primary{background:#0a66c2;color:#fff}.dark{background:#111827;color:#fff}.hero img{width:100%;height:100%;min-height:390px;object-fit:cover}.panel{margin-top:20px;background:#fff;border:1px solid #e1eaf4;border-radius:22px;padding:25px;box-shadow:0 14px 38px rgba(18,38,63,.07)}.panel h2{margin:0 0 6px;font-size:28px}.muted{color:#667085;line-height:1.6}.measure{display:grid;grid-template-columns:1fr 1fr;gap:20px}.guide{background:#f7faff;border:1px solid #dce9f8;border-radius:16px;padding:20px}.guide h3{margin:0 0 12px}.guide ol{margin:0;padding-left:20px;line-height:1.9;color:#4f5e70}.form{display:grid;grid-template-columns:1fr 1fr 120px;gap:12px}label.title{display:block;font-size:14px;font-weight:900;margin-bottom:7px}input[type=number]{width:100%;height:52px;border:1px solid #becadd;border-radius:12px;padding:0 14px;font-size:18px;outline:none}input[type=number]:focus{border-color:#0a66c2;box-shadow:0 0 0 3px rgba(10,102,194,.1)}.materials{display:grid;grid-template-columns:1fr 1fr;gap:12px;margin-bottom:18px}.material{border:2px solid #dfe8f2;border-radius:15px;padding:16px;cursor:pointer;background:#fff}.material.active{border-color:#0a66c2;background:#eef6ff}.material strong{display:block;font-size:19px}.material small{display:block;margin-top:5px;color:#647184}.material input{margin-right:7px}.summary{display:grid;grid-template-columns:repeat(3,1fr);gap:12px;margin-top:18px}.summary>div{background:#f5f8fc;border:1px solid #e4ebf3;border-radius:14px;padding:16px}.summary span{display:block;color:#6b7788;font-size:13px;margin-bottom:6px}.summary strong{font-size:22px}.range{margin-top:12px;padding:12px 14px;border-radius:11px;background:#fff8e6;color:#6a5310;font-size:14px}button,.btn{border:0;height:52px;border-radius:12px;padding:0 18px;font-size:16px;font-weight:900;cursor:pointer;text-decoration:none;display:flex;align-items:center;justify-content:center}.add{width:100%;margin-top:12px;background:#0a66c2;color:#fff}table{width:100%;border-collapse:collapse;margin-top:12px}th,td{border-bottom:1px solid #e5ebf2;padding:12px 8px;text-align:center}th{background:#f5f8fc;font-size:13px}.del{background:none;color:#c62828;height:auto;padding:4px}.empty{color:#788595;padding:30px}.total{display:flex;align-items:center;justify-content:space-between;border-top:2px solid #19334e;margin-top:16px;padding-top:17px}.total strong{font-size:30px;color:#0a66c2}.actions{display:grid;grid-template-columns:1fr 1fr 1fr;gap:10px;margin-top:15px}.secondary{background:#eaf0f6;color:#24384b}.notice{font-size:13px;color:#697586;line-height:1.6;margin-top:10px}footer{background:#0e223c;color:#fff;text-align:center;padding:20px}@media(max-width:850px){.hero{grid-template-columns:1fr}.hero img{height:260px;min-height:260px}.measure{grid-template-columns:1fr}.form{grid-template-columns:1fr 1fr}.form .qty{grid-column:1/-1}.actions{grid-template-columns:1fr}}@media(max-width:600px){header{height:auto;align-items:flex-start;flex-direction:column;gap:10px;padding:12px 15px}nav{width:100%}nav a{flex:1;text-align:center}main{padding:10px 8px 24px}.hero-copy{padding:32px 22px}h1{font-size:42px;letter-spacing:-1.5px}.hero-actions{flex-direction:column}.panel{padding:18px}.materials,.summary{grid-template-columns:1fr}table{font-size:12px}th,td{padding:9px 4px}}
</style></head><body><header><div class="brand"><b class="mark">K</b><span><strong>강동자바라</strong><small>스테인리스 구조물 제작 전문기업</small></span></div><nav><a href="tel:01075950484">010-7595-0484</a><a class="talk" href="https://talk.naver.com/ct/w4a85f?frm=psf" target="_blank">톡톡 문의</a></nav></header><main><section class="hero"><div class="hero-copy"><p class="eyebrow">KANGDONG JABARA QUOTE CENTER</p><h1>SUS 스텐 방범창<em>예상 견적 계산기</em></h1><p class="lead">재질과 실측 가로·세로 사이즈를 선택하면 표 기준 예상금액을 바로 확인할 수 있습니다.</p><div class="hero-actions"><a class="primary" href="#calculator">3초 예상 견적 계산하기</a><a class="dark" href="https://talk.naver.com/ct/w4a85f?frm=psf" target="_blank">네이버 톡톡 문의</a></div></div><img src="stainless-window.jpg" alt="SUS 스텐 방범창 제품 이미지"></section>
<section class="panel measure"><div><h2>맞춤 제작 SUS 방범창</h2><p class="muted">계산 후 견적내용을 복사해서 문의하시면 상담이 빨라집니다.</p></div><div class="guide"><h3>사이즈 측정 방법</h3><ol><li>창문 설치 위치의 안쪽 기준으로 가로를 측정합니다.</li><li>같은 방법으로 세로를 측정합니다.</li><li>오차 방지를 위해 좌·중·우 3곳을 측정해 주세요.</li><li>애매한 경우 큰 치수 기준으로 문의해 주세요.</li></ol></div></section>
<section class="panel" id="calculator"><h2>사이즈 선택</h2><p class="muted">SUS201 또는 SUS304를 선택하고 가로·세로를 mm 단위로 입력하세요.</p><div class="materials"><label class="material active"><strong><input type="radio" name="mat" value="201" checked>SUS201</strong><small>기본가 54,000원부터</small></label><label class="material"><strong><input type="radio" name="mat" value="304">SUS304</strong><small>기본가 63,000원부터</small></label></div><div class="form"><div><label class="title" for="w">가로 사이즈(mm)</label><input id="w" type="number" min="1" max="2400" placeholder="예: 1550"></div><div><label class="title" for="h">세로 사이즈(mm)</label><input id="h" type="number" min="1" max="2400" placeholder="예: 1650"></div><div class="qty"><label class="title" for="q">수량</label><input id="q" type="number" min="1" value="1"></div></div><div class="summary"><div><span>선택 재질</span><strong id="smat">SUS201</strong></div><div><span>제품 단가</span><strong id="unit">0원</strong></div><div><span>입력 수량 금액</span><strong id="sub">0원</strong></div></div><div class="range" id="range">가로와 세로를 입력해 주세요. 입력 가능 범위는 각각 1~2,400mm입니다.</div><button class="add" id="add">＋ 견적 목록에 추가</button></section>
<section class="panel"><h2>견적 목록</h2><div style="overflow-x:auto"><table><thead><tr><th>No.</th><th>재질</th><th>규격(mm)</th><th>수량</th><th>단가</th><th>금액</th><th>삭제</th></tr></thead><tbody id="rows"><tr><td colspan="7" class="empty">사이즈를 입력하고 견적 목록에 추가해 주세요.</td></tr></tbody></table></div><div class="total"><span>최종 예상금액</span><strong id="total">0원</strong></div><div class="actions"><button class="secondary" id="copy">견적내용 복사</button><a class="btn dark" href="https://talk.naver.com/ct/w4a85f?frm=psf" target="_blank">네이버 톡톡 문의</a><a class="btn primary" href="https://kdjavara.kr/product/테스트-sus-셀프-시공-304스테인리스-방범창-완조립제품-스텐-창문-셀프-설치-맞춤-제작/775/category/52/display/1/" target="_blank">예상 견적대로 주문하기</a></div><p class="notice">※ 견적내용 복사 후 네이버 톡톡으로 보내주시면 상담이 빨라집니다. 본 계산기는 예상 견적용이며 최종 금액은 제작 조건과 배송 조건에 따라 달라질 수 있습니다.</p></section></main><footer>강동자바라 스테인리스·알루미늄 구조물 맞춤 제작</footer><script>
const T={"201":[[54, 60, 66, 72, 78, 84, 90, 96, 102, 108, 114, 120, 126, 132, 138, 144], [60, 67, 73, 80, 87, 93, 100, 107, 113, 120, 127, 133, 140, 147, 153, 160], [66, 73, 81, 88, 95, 103, 110, 117, 125, 132, 139, 147, 154, 161, 169, 176], [72, 80, 88, 96, 104, 112, 120, 128, 136, 144, 152, 160, 168, 176, 184, 192], [78, 87, 95, 104, 113, 121, 130, 139, 147, 156, 165, 173, 182, 191, 199, 208], [84, 93, 103, 112, 121, 131, 140, 149, 159, 168, 177, 187, 196, 205, 215, 224], [90, 100, 110, 120, 130, 140, 150, 160, 170, 180, 190, 200, 210, 220, 230, 240], [96, 107, 117, 128, 139, 149, 160, 171, 181, 192, 203, 213, 224, 235, 245, 256], [102, 113, 125, 136, 147, 159, 170, 181, 193, 204, 215, 227, 238, 249, 261, 272], [108, 120, 132, 144, 156, 168, 180, 192, 204, 216, 228, 240, 252, 264, 276, 288], [114, 127, 139, 152, 165, 177, 190, 203, 215, 228, 241, 253, 266, 279, 291, 304], [120, 133, 147, 160, 173, 187, 200, 213, 227, 240, 253, 267, 280, 293, 307, 320], [126, 140, 154, 168, 182, 196, 210, 224, 238, 252, 266, 280, 294, 308, 322, 336], [132, 147, 161, 176, 191, 205, 220, 235, 249, 264, 279, 293, 308, 323, 337, 352], [138, 153, 169, 184, 199, 215, 230, 245, 261, 276, 291, 307, 322, 337, 353, 368], [144, 160, 176, 192, 208, 224, 240, 256, 272, 288, 304, 320, 336, 352, 368, 384]],"304":[[63, 70, 77, 84, 91, 98, 105, 112, 119, 126, 133, 140, 147, 154, 161, 168], [70, 78, 86, 93, 101, 109, 117, 124, 132, 140, 148, 156, 163, 171, 179, 187], [77, 86, 94, 103, 111, 120, 128, 137, 145, 154, 163, 171, 180, 188, 197, 205], [84, 93, 103, 112, 121, 131, 140, 149, 159, 168, 177, 187, 196, 205, 215, 224], [91, 101, 111, 121, 131, 142, 152, 162, 172, 182, 192, 202, 212, 222, 233, 243], [98, 109, 120, 131, 142, 152, 163, 174, 185, 196, 207, 218, 229, 240, 250, 261], [105, 117, 128, 140, 152, 163, 175, 187, 198, 210, 222, 233, 245, 257, 268, 280], [112, 124, 137, 149, 162, 174, 187, 199, 212, 224, 236, 249, 261, 274, 286, 299], [119, 132, 145, 159, 172, 185, 198, 212, 225, 238, 251, 264, 278, 291, 304, 317], [126, 140, 154, 168, 182, 196, 210, 224, 238, 252, 266, 280, 294, 308, 322, 336], [133, 148, 163, 177, 192, 207, 222, 236, 251, 266, 281, 296, 310, 325, 340, 355], [140, 156, 171, 187, 202, 218, 233, 249, 264, 280, 296, 311, 327, 342, 358, 373], [147, 163, 180, 196, 212, 229, 245, 261, 278, 294, 310, 327, 343, 359, 376, 392], [154, 171, 188, 205, 222, 240, 257, 274, 291, 308, 325, 342, 359, 376, 394, 411], [161, 179, 197, 215, 233, 250, 268, 286, 304, 322, 340, 358, 376, 394, 411, 429], [168, 187, 205, 224, 243, 261, 280, 299, 317, 336, 355, 373, 392, 411, 429, 448]]};let items=[];const $=x=>document.getElementById(x),money=n=>Number(n||0).toLocaleString('ko-KR')+'원';function mat(){return document.querySelector('input[name=mat]:checked').value}function ix(v){if(!Number.isFinite(v)||v<1||v>2400)return-1;return v<=900?0:Math.ceil((v-900)/100)}function price(m,w,h){let c=ix(w),r=ix(h);return c<0||r<0?null:T[m][r][c]*1000}function cur(){let m=mat(),w=+$('w').value,h=+$('h').value,q=Math.max(1,+$('q').value||1),u=price(m,w,h);return{m,w,h,q,u,s:u===null?0:u*q}}function rng(i){return i===0?'1~900':(901+(i-1)*100)+'~'+(900+i*100)}function update(){let x=cur();$('smat').textContent='SUS'+x.m;$('unit').textContent=x.u===null?'계산 불가':money(x.u);$('sub').textContent=x.u===null?'0원':money(x.s);$('range').textContent=!x.w||!x.h?'가로와 세로를 입력해 주세요. 입력 가능 범위는 각각 1~2,400mm입니다.':x.u===null?'가로·세로는 각각 1~2,400mm까지만 계산할 수 있습니다.':'적용 가격표 구간: 가로 '+rng(ix(x.w))+'mm × 세로 '+rng(ix(x.h))+'mm'}function render(){$('rows').innerHTML=items.length?items.map((x,i)=>`<tr><td>${i+1}</td><td>SUS${x.m}</td><td>${x.w.toLocaleString()} × ${x.h.toLocaleString()}</td><td>${x.q}</td><td>${money(x.u)}</td><td><b>${money(x.s)}</b></td><td><button class="del" onclick="removeItem(${i})">삭제</button></td></tr>`).join(''):'<tr><td colspan="7" class="empty">사이즈를 입력하고 견적 목록에 추가해 주세요.</td></tr>';$('total').textContent=money(items.reduce((a,x)=>a+x.s,0))}window.removeItem=i=>{items.splice(i,1);render()};document.querySelectorAll('input[name=mat]').forEach(e=>e.onchange=()=>{document.querySelectorAll('.material').forEach(x=>x.classList.remove('active'));e.closest('.material').classList.add('active');update()});['w','h','q'].forEach(x=>$(x).oninput=update);$('add').onclick=()=>{let x=cur();if(!x.w||!x.h)return alert('가로와 세로를 입력해 주세요.');if(x.u===null)return alert('가로·세로는 각각 1~2,400mm 범위로 입력해 주세요.');items.push(x);render()};$('copy').onclick=async()=>{if(!items.length)return alert('먼저 견적 목록을 추가해 주세요.');let lines=['[강동자바라 SUS 스텐 방범창 예상견적]'];items.forEach((x,i)=>lines.push(`${i+1}. SUS${x.m} / ${x.w}×${x.h}mm / ${x.q}개 / ${money(x.s)}`));lines.push('총 예상금액: '+money(items.reduce((a,x)=>a+x.s,0)));lines.push('※ 최종금액은 제작·배송 조건 확인 후 확정');let text=lines.join('
');try{await navigator.clipboard.writeText(text);alert('견적내용을 복사했습니다.')}catch(e){prompt('아래 내용을 복사해 주세요.',text)}};update();render();
</script></body></html>